   n  posicion  100    

   frecuencia de muestreo = 360
     posicion en milisegundos

     1            211.
     2           1025.
     3           1836.
     4           2625.
     5           3416.
     6           4205.
     7           5022.
     8           5675.
     9           6672.
    10           7513.
    11           8322.
    12           9113.
    13           9883.
    14          10725.
    15          11580.
    16          12402.
    17          13230.
    18          14052.
    19          14847.
    20          15644.
    21          16436.
    22          17258.
    23          18127.
    24          18950.
    25          19736.
    26          20527.
    27          21300.
    28          22088.
    29          22902.
    30          23716.
    31          24544.
    32          25388.
    33          26194.
    34          26969.
    35          27769.
    36          28558.
    37          29416.
    38          30258.
    39          31083.
    40          31886.
    41          32722.
    42          33513.
    43          34302.
    44          35122.
    45          35966.
    46          36847.
    47          37669.
    48          38447.
    49          39250.
    50          40058.
    51          40858.
    52          41694.
    53          42525.
    54          43350.
    55          44161.
    56          44950.
    57          45730.
    58          46538.
    59          47380.
    60          48213.
    61          49044.
    62          49850.
    63          50627.
    64          51425.
    65          52205.
    66          52997.
    67          53852.
    68          54700.
    69          55522.
    70          56305.
    71          57091.
    72          57877.
    73          58694.
    74          59505.
    75          60355.
    76          61188.
    77          62000.
    78          62780.
    79          63555.
    80          64338.
    81          65144.
    82          65986.
    83          66811.
    84          67622.
    85          68400.
    86          69200.
    87          69988.
    88          70788.
    89          71608.
    90          72463.
    91          73291.
    92          74080.
    93          74863.
    94          75655.
    95          76486.
    96          77311.
    97          78141.
    98          78972.
    99          79791.
   100          80591.
   101          81369.
   102          82163.
   103          82977.
   104          83836.
   105          84683.
   106          85494.
   107          86288.
   108          87075.
   109          87875.
   110          88686.
   111          89508.
   112          90358.
   113          91208.
   114          92016.
   115          92783.
   116          93583.
   117          94386.
   118          95202.
   119          96038.
   120          96858.
   121          97686.
   122          98483.
   123          99263.
   124         100041.
   125         100855.
   126         101677.
   127         102541.
   128         103372.
   129         104161.
   130         104947.
   131         105750.
   132         106541.
   133         107361.
   134         108191.
   135         109030.
   136         109850.
   137         110622.
   138         111375.
   139         112169.
   140         112988.
   141         113802.
   142         114638.
   143         115461.
   144         116244.
   145         116986.
   146         117819.
   147         118600.
   148         119430.
   149         120294.
   150         121116.
   151         121919.
   152         122697.
   153         123483.
   154         124283.
   155         125080.
   156         125894.
   157         126741.
   158         127563.
   159         128341.
   160         129102.
   161         129883.
   162         130655.
   163         131480.
   164         132308.
   165         133105.
   166         133891.
   167         134677.
   168         135455.
   169         136219.
   170         137005.
   171         137825.
   172         138672.
   173         139480.
   174         140250.
   175         141027.
   176         141819.
   177         142605.
   178         143402.
   179         144222.
   180         145041.
   181         145847.
   182         146619.
   183         147391.
   184         148166.
   185         148972.
   186         149783.
   187         150605.
   188         151405.
   189         152175.
   190         152952.
   191         153727.
   192         154511.
   193         155297.
   194         156127.
   195         156947.
   196         157733.
   197         158483.
   198         159255.
   199         160005.
   200         160830.
   201         161641.
   202         162469.
   203         163297.
   204         164069.
   205         164869.
   206         165638.
   207         166408.
   208         167258.
   209         168097.
   210         168933.
   211         169705.
   212         170500.
   213         171300.
   214         172116.
   215         172905.
   216         173738.
   217         174552.
   218         175425.
   219         176186.
   220         176944.
   221         177738.
   222         178544.
   223         179355.
   224         180177.
   225         181008.
   226         181811.
   227         182605.
   228         183413.
   229         184155.
   230         184977.
   231         185530.
   232         186438.
   233         187313.
   234         188097.
   235         188877.
   236         189694.
   237         190505.
   238         191316.
   239         192163.
   240         193030.
   241         193847.
   242         194616.
   243         195402.
   244         196197.
   245         197027.
   246         197852.
   247         198688.
   248         199538.
   249         200352.
   250         201127.
   251         201919.
   252         202738.
   253         203583.
   254         204441.
   255         205272.
   256         206066.
   257         206866.
   258         207652.
   259         208261.
   260         209225.
   261         210058.
   262         210891.
   263         211727.
   264         212511.
   265         213261.
   266         214061.
   267         214869.
   268         215700.
   269         216505.
   270         217330.
   271         218130.
   272         218922.
   273         219688.
   274         220483.
   275         221325.
   276         222166.
   277         222997.
   278         223808.
   279         224602.
   280         225386.
   281         226183.
   282         226994.
   283         227830.
   284         228672.
   285         229513.
   286         230316.
   287         231105.
   288         231888.
   289         232727.
   290         233586.
   291         234430.
   292         235266.
   293         236105.
   294         236913.
   295         237688.
   296         238494.
   297         239333.
   298         240183.
   299         241022.
   300         241850.
   301         242647.
   302         243444.
   303         244247.
   304         245055.
   305         245883.
   306         246727.
   307         247561.
   308         248361.
   309         249144.
   310         249933.
   311         250761.
   312         251605.
   313         252422.
   314         253269.
   315         254075.
   316         254861.
   317         255650.
   318         256461.
   319         257280.
   320         258147.
   321         258983.
   322         259783.
   323         260586.
   324         261363.
   325         262169.
   326         263002.
   327         263841.
   328         264683.
   329         265538.
   330         266338.
   331         267108.
   332         267886.
   333         268700.
   334         269550.
   335         270380.
   336         271200.
   337         272008.
   338         272825.
   339         273602.
   340         274383.
   341         275197.
   342         275969.
 RMAX =       1.000   Factor d'escala senyal
 PA_RMAX =  167574.609   Factor d'escala senyal   passa_alt
 PB_RMAX =     271.455   Factor d'escala senyal   passa_baix
   n  posicion  100    

   frecuencia de muestreo = 360
     posicion en milisegundos

     1         276058.
     2         277580.
     3         278380.
     4         279152.
     5         279944.
     6         280750.
     7         281555.
     8         282366.
     9         283980.
    10         284763.
    11         285533.
    12         286313.
    13         287138.
    14         291191.
    15         294483.
    16         295313.
    17         300122.
    18         300947.
    19         303327.
    20         305763.
    21         307422.
    22         308227.
    23         309005.
    24         312233.
    25         315708.
    26         317852.
    27         318652.
    28         319441.
    29         320219.
    30         321702.
    31         327125.
    32         327897.
    33         328672.
    34         329461.
    35         331150.
    36         332750.
    37         335208.
    38         336941.
    39         337786.
    40         338577.
    41         340166.
    42         341802.
    43         343505.
    44         344263.
    45         345055.
    46         345850.
    47         346594.
    48         348205.
    49         349791.
    50         354450.
    51         356727.
    52         357491.
    53         358213.
    54         358972.
    55         359772.
    56         361991.
    57         362686.
    58         363380.
    59         364088.
    60         365508.
    61         368411.
    62         370522.
    63         372033.
    64         373505.
    65         374966.
    66         375672.
    67         377944.
    68         380272.
    69         381797.
    70         383352.
    71         385797.
    72         387330.
    73         388105.
    74         388911.
    75         389725.
    76         390550.
    77         391333.
    78         392086.
    79         392838.
    80         393563.
    81         394283.
    82         395016.
    83         395772.
    84         396513.
    85         397247.
    86         397952.
    87         398650.
    88         399347.
    89         400066.
    90         400791.
    91         401544.
    92         402308.
    93         403083.
    94         403833.
    95         404572.
    96         405280.
    97         406025.
    98         406788.
    99         407600.
   100         408366.
   101         409136.
   102         409900.
   103         410641.
   104         411383.
   105         412119.
   106         412877.
   107         413652.
   108         414452.
   109         415241.
   110         416019.
   111         416747.
   112         417505.
   113         418261.
   114         419022.
   115         419780.
   116         420572.
   117         421386.
   118         422147.
   119         422877.
   120         423636.
   121         424388.
   122         426002.
   123         426786.
   124         428311.
   125         429080.
   126         432186.
   127         432955.
   128         433697.
   129         434425.
   130         435130.
   131         435847.
   132         436575.
   133         437302.
   134         438038.
   135         438775.
   136         439533.
   137         440244.
   138         441591.
   139         442288.
   140         442994.
   141         443713.
   142         444444.
   143         445163.
   144         446538.
   145         447233.
   146         447925.
   147         448608.
   148         450094.
   149         450855.
   150         451588.
   151         453033.
   152         453780.
   153         454522.
   154         455272.
   155         456058.
   156         456833.
   157         457583.
   158         459013.
   159         461197.
   160         461944.
   161         468008.
   162         468841.
   163         471961.
   164         476030.
   165         477555.
   166         479111.
   167         481530.
   168         482300.
   169         484583.
   170         489288.
   171         490072.
   172         490825.
   173         491594.
   174         492352.
   175         493116.
   176         493877.
   177         494605.
   178         495319.
   179         496047.
   180         496777.
   181         498297.
   182         499058.
   183         501230.
   184         501955.
   185         504227.
   186         505027.
   187         506536.
   188         507286.
   189         508041.
   190         510494.
   191         511308.
   192         512111.
   193         517044.
   194         521044.
   195         522716.
   196         525116.
   197         526730.
   198         530052.
   199         531650.
   200         532425.
   201         533266.
   202         538061.
   203         538869.
   204         540480.
   205         541297.
   206         542097.
   207         542847.
   208         544380.
   209         545188.
   210         546794.
   211         547586.
   212         548369.
   213         549855.
   214         550619.
   215         551397.
 RMAX =       1.000   Factor d'escala senyal
 PA_RMAX =  -46511.855   Factor d'escala senyal   passa_alt
 PB_RMAX =  -46498.984   Factor d'escala senyal   passa_baix
   n  posicion  100    

   frecuencia de muestreo = 360
     posicion en milisegundos

     1         552197.
     2         552983.
     3         553755.
     4         554494.
     5         555258.
     6         556002.
     7         556758.
     8         557536.
     9         558311.
    10         559083.
    11         559844.
    12         560569.
    13         561294.
    14         562050.
    15         562813.
    16         563597.
    17         564391.
    18         565186.
    19         565944.
    20         566722.
    21         567494.
    22         568258.
    23         569036.
    24         569880.
    25         570716.
    26         571488.
    27         572263.
    28         573019.
    29         573794.
    30         574563.
    31         575355.
    32         576166.
    33         577008.
    34         577786.
    35         578544.
    36         579297.
    37         580058.
    38         580830.
    39         581641.
    40         582450.
    41         583255.
    42         584041.
    43         584813.
    44         585577.
    45         586344.
    46         587119.
    47         587925.
    48         590280.
    49         591047.
    50         592569.
    51         594147.
    52         595733.
    53         596491.
    54         599580.
    55         600388.
    56         601966.
    57         602747.
    58         603519.
    59         604294.
    60         608252.
    61         609800.
    62         610588.
    63         611380.
    64         613027.
    65         613822.
    66         615350.
    67         616888.
    68         618513.
    69         619305.
    70         620075.
    71         621616.
    72         622350.
    73         623133.
    74         624761.
    75         625538.
    76         626308.
    77         627841.
    78         629366.
    79         630952.
    80         631738.
    81         633991.
    82         634763.
    83         636369.
    84         637938.
    85         641000.
    86         642658.
    87         643436.
    88         644200.
    89         644969.
    90         648055.
    91         650416.
    92         651150.
    93         651897.
    94         655852.
    95         657400.
    96         658127.
    97         658900.
    98         661302.
    99         662802.
   100         663563.
   101         664322.
   102         665088.
   103         665880.
   104         667405.
   105         668166.
   106         668911.
   107         669622.
   108         670325.
   109         671075.
   110         671816.
   111         672536.
   112         673255.
   113         673975.
   114         674661.
   115         675361.
   116         676075.
   117         676783.
   118         677519.
   119         678305.
   120         679055.
   121         679800.
   122         680508.
   123         681236.
   124         681983.
   125         682750.
   126         683511.
   127         684308.
   128         685127.
   129         685927.
   130         686666.
   131         687411.
   132         688933.
   133         689719.
   134         692102.
   135         692866.
   136         694408.
   137         695200.
   138         695991.
   139         698444.
   140         699191.
   141         700788.
   142         701622.
   143         702408.
   144         703216.
   145         704041.
   146         704833.
   147         705580.
   148         706336.
   149         708027.
   150         708802.
   151         709588.
   152         710380.
   153         711927.
   154         712697.
   155         713497.
   156         714325.
   157         716569.
   158         717291.
   159         719455.
   160         720219.
   161         720944.
   162         722430.
   163         723147.
   164         724586.
   165         725363.
   166         726155.
   167         726913.
   168         727686.
   169         728444.
   170         729208.
   171         730725.
   172         731525.
   173         732333.
   174         734716.
   175         735475.
   176         737919.
   177         738738.
   178         739547.
   179         741150.
   180         741938.
   181         743550.
   182         744380.
   183         745163.
   184         745952.
   185         746727.
   186         747502.
   187         748286.
   188         749886.
   189         752277.
   190         753802.
   191         754597.
   192         755422.
   193         756230.
   194         757850.
   195         758672.
   196         759425.
   197         761841.
   198         762663.
   199         764216.
   200         765005.
   201         765750.
   202         767316.
   203         768097.
   204         768897.
   205         769694.
   206         770519.
   207         771244.
   208         772005.
   209         772805.
   210         774480.
   211         775269.
   212         776058.
   213         777547.
   214         778355.
   215         779194.
   216         780858.
   217         781666.
   218         783977.
   219         784755.
   220         785525.
   221         786375.
   222         787975.
   223         788727.
   224         789455.
   225         791008.
   226         791866.
   227         792672.
   228         795025.
   229         795758.
   230         796561.
   231         798200.
   232         799041.
   233         799811.
   234         802200.
   235         802955.
   236         805438.
   237         808636.
   238         809461.
   239         810230.
   240         811858.
   241         814997.
   242         819011.
   243         826211.
 RMAX =       1.000   Factor d'escala senyal
 PA_RMAX =  -16275.631   Factor d'escala senyal   passa_alt
 PB_RMAX =  -16331.488   Factor d'escala senyal   passa_baix
   n  posicion  100    

   frecuencia de muestreo = 360
     posicion en milisegundos

     1         827863.
     2         828702.
     3         830330.
     4         831125.
     5         832652.
     6         833472.
     7         834330.
     8         835169.
     9         835938.
    10         836691.
    11         837480.
    12         838277.
    13         838533.
    14         839850.
    15         840675.
    16         841516.
    17         842330.
    18         843061.
    19         843811.
    20         844622.
    21         845447.
    22         846216.
    23         847005.
    24         847805.
    25         848600.
    26         850094.
    27         851777.
    28         852052.
    29         853425.
    30         854200.
    31         855725.
    32         856522.
    33         857288.
    34         858086.
    35         858930.
    36         860497.
    37         861252.
    38         862030.
    39         862850.
    40         864438.
    41         866836.
    42         867575.
    43         868344.
    44         869980.
    45         870852.
    46         875677.
    47         877338.
    48         878150.
    49         880500.
    50         881291.
    51         882108.
    52         883733.
    53         884075.
    54         885355.
    55         886138.
    56         887736.
    57         888619.
    58         889455.
    59         892694.
    60         894352.
    61         897177.
    62         897952.
    63         899247.
    64         900119.
    65         901302.
    66         902577.
    67         903372.
    68         904150.
    69         904947.
    70         905311.
    71         905797.
    72         906652.
    73         907488.
    74         907880.
    75         909097.
    76         909902.
    77         910716.
    78         911522.
    79         912363.
    80         913200.
    81         914041.
    82         915186.
    83         915933.
    84         917263.
    85         919305.
    86         919786.
    87         922188.
    88         936888.
    89         938502.
    90         939288.
    91         940086.
    92         940888.
    93         941733.
    94         942572.
    95         943427.
    96         944233.
    97         945011.
    98         945808.
    99         946608.
   100         947425.
   101         948272.
   102         949119.
   103         949925.
   104         950736.
   105         951516.
   106         952280.
   107         953097.
   108         953911.
   109         954733.
   110         955536.
   111         956327.
   112         957097.
   113         957894.
   114         958688.
   115         959483.
   116         960338.
   117         961155.
   118         961963.
   119         962763.
   120         964294.
   121         965147.
   122         965994.
   123         966838.
   124         967683.
   125         968491.
   126         969258.
   127         970055.
   128         970836.
   129         971675.
   130         972530.
   131         973355.
   132         974941.
   133         975733.
   134         976333.
   135         977277.
   136         978930.
   137         979750.
   138         982075.
   139         982863.
   140         983686.
   141         985322.
   142         986150.
   143         986947.
   144         988491.
   145         989344.
   146         990172.
   147         990991.
   148         991788.
   149         992575.
   150         993358.
   151         994163.
   152         994958.
   153         995783.
   154         996633.
   155         997458.
   156        1002116.
   157        1002916.
   158        1003730.
   159        1004511.
   160        1005258.
   161        1006805.
   162        1007586.
   163        1008402.
   164        1010769.
   165        1013136.
   166        1013947.
   167        1014802.
   168        1016425.
   169        1018825.
   170        1019616.
   171        1021313.
   172        1022108.
   173        1024508.
   174        1025302.
   175        1026136.
   176        1027805.
   177        1028550.
   178        1029322.
   179        1030916.
   180        1031680.
   181        1032505.
   182        1034161.
   183        1034877.
   184        1035647.
   185        1037297.
   186        1038086.
   187        1038886.
   188        1039727.
   189        1040536.
   190        1041261.
   191        1042008.
   192        1043650.
   193        1044436.
   194        1045238.
   195        1046833.
   196        1047444.
   197        1048341.
   198        1050011.
   199        1050852.
   200        1051686.
   201        1052458.
   202        1053216.
   203        1053997.
   204        1054805.
   205        1057247.
   206        1058047.
   207        1059586.
   208        1060344.
   209        1061150.
   210        1062797.
   211        1078811.
   212        1087063.
   213        1089452.
   214        1091877.
   215        1092711.
   216        1093536.
   217        1095116.
   218        1095883.
   219        1098333.
   220        1099155.
   221        1101533.
 RMAX =       1.000   Factor d'escala senyal
 PA_RMAX =  -94772.953   Factor d'escala senyal   passa_alt
 PB_RMAX =  -94772.922   Factor d'escala senyal   passa_baix
   n  posicion  100    

   frecuencia de muestreo = 360
     posicion en milisegundos

     1        1103400.
     2        1104730.
     3        1105572.
     4        1106369.
     5        1107133.
     6        1107922.
     7        1108716.
     8        1109541.
     9        1109800.
    10        1110358.
    11        1111172.
    12        1112002.
    13        1112772.
    14        1113544.
    15        1114338.
    16        1115144.
    17        1115991.
    18        1116833.
    19        1117663.
    20        1118458.
    21        1119255.
    22        1120038.
    23        1120855.
    24        1122497.
    25        1124155.
    26        1125705.
    27        1126505.
    28        1128136.
    29        1128955.
    30        1130566.
    31        1131352.
    32        1132105.
    33        1132911.
    34        1133750.
    35        1134586.
    36        1135400.
    37        1136191.
    38        1136977.
    39        1137766.
    40        1138555.
    41        1139377.
    42        1140211.
    43        1141055.
    44        1141861.
    45        1142641.
    46        1143419.
    47        1144205.
    48        1145013.
    49        1145286.
    50        1145863.
    51        1146711.
    52        1147522.
    53        1148336.
    54        1149141.
    55        1149911.
    56        1150688.
    57        1151500.
    58        1152350.
    59        1155122.
    60        1157094.
    61        1157911.
    62        1158752.
    63        1160352.
    64        1160722.
    65        1161897.
    66        1162711.
    67        1163513.
    68        1164319.
    69        1165144.
    70        1165955.
    71        1166722.
    72        1167502.
    73        1168283.
    74        1169088.
    75        1171569.
    76        1173455.
    77        1174491.
    78        1214213.
    79        1214997.
    80        1215780.
    81        1216566.
    82        1217408.
    83        1218247.
    84        1219066.
    85        1219880.
    86        1220700.
    87        1221497.
    88        1222280.
    89        1223088.
    90        1223947.
    91        1224811.
    92        1225636.
    93        1226436.
    94        1227258.
    95        1228077.
    96        1228902.
    97        1229505.
    98        1230530.
    99        1231397.
   100        1233816.
   101        1234644.
   102        1235288.
   103        1237113.
   104        1237936.
   105        1238741.
   106        1240294.
   107        1241108.
   108        1241952.
   109        1242777.
   110        1244386.
   111        1245175.
   112        1246761.
   113        1247600.
   114        1248444.
   115        1250900.
   116        1252483.
   117        1254166.
   118        1255011.
   119        1257433.
   120        1258216.
   121        1259025.
   122        1260697.
   123        1261536.
   124        1263877.
   125        1264700.
   126        1267188.
   127        1268016.
   128        1270366.
   129        1271205.
   130        1272044.
   131        1273675.
   132        1274486.
   133        1276841.
   134        1277680.
   135        1279361.
   136        1280963.
   137        1284202.
   138        1285055.
   139        1286655.
   140        1287444.
   141        1288233.
   142        1290730.
   143        1291550.
   144        1293941.
   145        1294730.
   146        1298075.
   147        1301272.
   148        1304608.
   149        1307025.
   150        1307877.
   151        1311161.
   152        1314444.
   153        1315269.
   154        1317669.
   155        1318475.
   156        1319283.
   157        1320100.
   158        1320961.
   159        1321805.
   160        1324177.
   161        1324994.
   162        1327491.
   163        1328316.
   164        1330663.
   165        1331475.
   166        1332311.
   167        1333936.
   168        1334702.
   169        1335494.
   170        1337052.
   171        1337888.
   172        1338722.
   173        1343425.
   174        1344250.
   175        1345052.
   176        1347419.
   177        1348197.
   178        1349827.
   179        1350700.
   180        1351541.
   181        1353952.
   182        1360519.
   183        1361358.
   184        1363038.
   185        1363869.
   186        1367066.
   187        1367900.
   188        1370386.
   189        1373583.
   190        1374413.
   191        1376800.
   192        1377563.
 RMAX =       1.000   Factor d'escala senyal
 PA_RMAX =  -65529.504   Factor d'escala senyal   passa_alt
 PB_RMAX =  -65518.105   Factor d'escala senyal   passa_baix
   n  posicion  100    

   frecuencia de muestreo = 360
     posicion en milisegundos

     1        1379161.
     2        1380758.
     3        1381597.
     4        1382397.
     5        1383177.
     6        1383969.
     7        1384766.
     8        1385583.
     9        1386425.
    10        1387266.
    11        1388058.
    12        1388850.
    13        1389630.
    14        1390411.
    15        1390666.
    16        1391241.
    17        1392066.
    18        1392902.
    19        1393733.
    20        1394550.
    21        1395319.
    22        1396111.
    23        1396908.
    24        1397750.
    25        1398597.
    26        1399422.
    27        1400219.
    28        1401033.
    29        1401813.
    30        1402597.
    31        1403405.
    32        1404241.
    33        1405080.
    34        1405900.
    35        1406658.
    36        1407266.
    37        1408244.
    38        1409041.
    39        1409863.
    40        1410705.
    41        1411552.
    42        1412372.
    43        1413175.
    44        1413938.
    45        1414772.
    46        1415616.
    47        1416450.
    48        1417275.
    49        1418108.
    50        1418897.
    51        1419700.
    52        1420472.
    53        1421275.
    54        1422136.
    55        1422988.
    56        1423797.
    57        1424583.
    58        1425372.
    59        1426175.
    60        1426997.
    61        1427813.
    62        1428658.
    63        1429519.
    64        1431875.
    65        1432669.
    66        1434361.
    67        1435458.
    68        1436025.
    69        1438419.
    70        1443313.
    71        1445727.
    72        1446575.
    73        1447169.
    74        1448961.
    75        1449755.
    76        1455550.
    77        1458025.
    78        1462902.
    79        1467780.
    80        1489897.
    81        1490675.
    82        1491469.
    83        1492252.
    84        1493066.
    85        1493913.
    86        1494761.
    87        1495611.
    88        1496405.
    89        1497200.
    90        1497991.
    91        1498816.
    92        1499647.
    93        1500475.
    94        1501308.
    95        1502130.
    96        1502919.
    97        1503702.
    98        1504486.
    99        1505319.
   100        1506180.
   101        1507022.
   102        1507844.
   103        1508652.
   104        1509461.
   105        1510244.
   106        1511061.
   107        1511900.
   108        1512747.
   109        1513594.
   110        1514391.
   111        1515944.
   112        1516725.
   113        1517513.
   114        1518863.
   115        1519994.
   116        1520780.
   117        1522308.
   118        1523147.
   119        1523975.
   120        1526388.
   121        1527175.
   122        1529552.
   123        1530419.
   124        1532816.
   125        1533597.
   126        1534400.
   127        1535219.
   128        1536891.
   129        1537741.
   130        1540105.
   131        1540894.
   132        1541736.
   133        1543366.
   134        1544202.
   135        1545005.
   136        1547375.
   137        1548222.
   138        1549072.
   139        1551461.
   140        1552255.
   141        1555544.
   142        1556372.
   143        1557902.
   144        1558722.
   145        1559538.
   146        1560363.
   147        1561963.
   148        1562750.
   149        1563363.
   150        1564280.
   151        1565063.
   152        1565916.
   153        1566747.
   154        1568333.
   155        1569113.
   156        1569897.
   157        1571500.
   158        1572333.
   159        1572938.
   160        1575508.
   161        1576050.
   162        1577000.
   163        1578680.
   164        1579508.
   165        1580327.
   166        1583491.
   167        1584347.
   168        1586791.
   169        1587602.
   170        1590075.
   171        1590913.
   172        1593352.
   173        1594144.
   174        1594977.
   175        1597483.
   176        1598294.
   177        1600686.
   178        1601527.
   179        1604830.
   180        1608055.
   181        1608897.
   182        1611313.
   183        1613738.
   184        1615394.
   185        1616202.
   186        1619216.
   187        1633644.
   188        1635116.
   189        1642822.
   190        1644438.
   191        1650775.
   192        1652372.
   193        1653127.
 RMAX =       1.000   Factor d'escala senyal
 PA_RMAX =  -18109.701   Factor d'escala senyal   passa_alt
 PB_RMAX =  -18133.838   Factor d'escala senyal   passa_baix
   n  posicion  100    

   frecuencia de muestreo = 360
     posicion en milisegundos

     1        1655530.
     2        1656325.
     3        1657172.
     4        1657994.
     5        1658708.
     6        1659447.
     7        1660191.
     8        1660900.
     9        1661625.
    10        1662375.
    11        1663088.
    12        1663800.
    13        1664502.
    14        1665186.
    15        1665838.
    16        1667258.
    17        1668005.
    18        1668716.
    19        1669472.
    20        1670933.
    21        1672394.
    22        1673136.
    23        1673913.
    24        1674700.
    25        1675491.
    26        1676261.
    27        1677002.
    28        1678541.
    29        1679341.
    30        1682600.
    31        1684963.
    32        1685775.
    33        1686605.
    34        1687427.
    35        1692041.
    36        1692844.
    37        1695169.
    38        1695952.
    39        1697522.
    40        1699150.
    41        1699958.
    42        1703886.
    43        1706272.
    44        1707819.
    45        1726050.
    46        1733100.
    47        1765786.
    48        1766569.
    49        1767327.
    50        1768108.
    51        1768916.
    52        1769733.
    53        1770550.
    54        1771397.
    55        1772211.
    56        1773005.
    57        1773775.
    58        1774569.
    59        1775386.
    60        1776236.
    61        1777063.
    62        1777883.
    63        1778688.
    64        1779483.
    65        1780275.
    66        1781044.
    67        1781886.
    68        1782711.
    69        1783511.
    70        1784266.
    71        1785036.
    72        1785794.
    73        1786563.
    74        1787327.
    75        1788111.
    76        1788900.
    77        1790408.
    78        1791127.
    79        1793277.
    80        1794061.
    81        1794808.
    82        1795533.
    83        1796269.
    84        1796988.
    85        1799816.
    86        1801322.
    87        1805527.
 RMAX =       1.000   Factor d'escala senyal
 PA_RMAX =  -18109.701   Factor d'escala senyal   passa_alt
 PB_RMAX =  -18133.838   Factor d'escala senyal   passa_baix
